# 3dvolreg matrices (DICOM-to-DICOM, row-by-row):
            1             0             0            -0             0             1             0            -0             0             0             1            -0
     0.999985    0.00199842    -0.0050145   0.000649983   -0.00198874      0.999996     0.0019343      -0.19656    0.00501834    -0.0019243      0.999986      0.807665
     0.999978    0.00230478   -0.00629799    -0.0316335   -0.00227135      0.999983    0.00531115     -0.148936    0.00631012   -0.00529673      0.999966       0.97462
     0.999987     0.0025458    -0.0044158    -0.0399232   -0.00251082      0.999966    0.00791053     0.0460114    0.00443579   -0.00789934      0.999959       1.09313
