# 3dvolreg matrices (DICOM-to-DICOM, row-by-row):
            1             0             0            -0             0             1             0            -0             0             0             1            -0
     0.999991   -0.00365481    0.00216198     0.0745414    0.00365215      0.999993    0.00123643     0.0872514   -0.00216648   -0.00122852      0.999997      0.351855
     0.999989   -0.00361257    0.00289677      0.238096    0.00361067      0.999993   0.000663369     0.0944295   -0.00289914  -0.000652902      0.999996       1.01788
     0.999996  -0.000312279    0.00273361       0.38081   0.000305385      0.999997    0.00252184      0.125549   -0.00273439   -0.00252099      0.999993       1.48443
     0.999996   -0.00121136    0.00252294      0.379821    0.00120362      0.999995    0.00306913       0.15323   -0.00252665   -0.00306608      0.999992       1.69349
     0.999997   -0.00109675    0.00228519      0.383561     0.0010883      0.999993    0.00369608      0.177478   -0.00228923   -0.00369358      0.999991       1.83563
